9	15
13	6
14	9
11	5
11	5
15	6
16	5
12	9
13	5
19	5
16	6
14	4
17	6
11	11
19	8
13	10
10	9
14	8
19	11
13	12
12	10
14	7
14	11
13	8
11	10
14	8
12	6
13	9
10	5
18	11
16	8
12	7
16	8
15	7
14	10
20	10
14	6
14	9
13	8
16	6
11	8
14	7
11	11
14	11
13	6
13	8
12	10
11	8
12	9
8	7
16	10
12	10
11	10
14	12
17	7
14	10
13	6
11	5
12	8
8	11
12	6
12	11
13	9
11	9
12	3
8	9
9	7
10	5
12	11
13	7
15	11
11	8
16	8
15	3
14	9
5	10
15	9
16	11
16	12
15	14
17	12
13	8
13	9
17	7
10	6
11	8
12	10
13	7
12	6
13	11
10	8
7	4
18	6
21	12
15	10
15	8
15	8
11	9
11	6
13	8
