15	18
15	17
17	17
19	16
20	17
14	14
19	24
16	24
21	26
14	20
14	19
16	21
17	24
18	15
17	23
11	20
19	23
18	21
19	23
12	16
14	13
13	20
12	19
14	9
16	17
11	20
18	20
17	15
16	21
16	20
16	20
12	20
12	20
16	24
15	28
15	25
11	19
15	21
13	14
16	20
12	19
17	16
23	16
18	24
9	18
16	20
19	16
16	29
14	14
12	17
10	16
11	15
12	18
13	19
24	16
13	17
17	18
17	20
12	28
10	26
14	14
17	21
11	25
18	22
15	20
10	20
13	21
10	23
16	21
24	15
16	16
16	27
13	18
15	21
19	16
14	21
15	17
18	17
17	15
15	27
15	15
13	29
16	27
15	18
19	14
13	20
14	16
18	16
13	15
14	17
21	24
16	21
10	22
13	13
14	19
14	12
15	17
16	21
16	27
14	22
