11	25
19	36
12	27
17	24
13	26
15	23
10	23
17	24
17	32
12	20
11	27
18	27
17	35
14	33
16	31
14	21
12	23
11	28
14	28
7	25
13	35
13	34
16	25
16	35
10	20
18	24
10	31
16	24
18	20
19	27
11	30
13	29
17	31
14	22
15	32
15	31
21	29
17	24
16	20
16	30
15	32
16	27
10	30
18	26
14	23
21	28
16	19
15	30
12	29
12	28
14	31
7	24
15	27
16	21
8	34
14	26
15	27
10	35
13	31
13	34
14	31
16	24
14	25
15	19
15	22
16	31
10	31
24	30
19	22
13	23
17	21
14	27
11	32
18	30
11	22
13	32
15	21
16	18
17	23
10	19
15	25
13	23
13	24
11	27
14	21
21	36
16	22
16	29
15	25
15	31
13	21
15	22
14	24
12	26
11	23
16	25
17	27
15	25
18	28
12	18
