14	21
15	21
13	27
15	39
18	23
10	21
18	32
13	35
11	29
13	37
20	25
14	24
14	24
14	30
14	24
16	25
12	23
13	21
13	19
18	34
12	24
17	30
15	32
10	25
17	24
11	28
10	21
16	26
12	28
10	24
15	31
14	29
17	31
9	29
15	23
15	20
12	31
14	24
17	28
11	23
14	22
15	30
11	22
10	27
12	27
11	28
15	27
12	18
19	35
8	29
14	24
18	25
16	27
15	33
13	22
13	31
11	35
10	32
23	26
13	30
13	23
13	28
15	29
8	24
7	23
11	35
14	30
13	26
10	26
13	22
14	26
17	28
11	27
12	33
10	23
7	22
15	21
11	33
12	31
9	21
9	20
14	28
11	26
8	23
18	30
13	29
10	27
11	29
17	32
20	24
14	34
15	31
12	21
13	27
10	24
8	26
8	28
15	28
12	26
11	24
