13	22
16	23
16	28
7	25
12	37
10	32
13	28
12	30
15	35
14	31
15	30
7	23
9	28
13	31
7	26
14	26
17	24
9	30
7	26
14	41
11	31
11	31
18	33
18	31
11	32
15	24
16	27
12	33
7	26
15	30
11	33
9	29
15	32
7	28
11	37
8	32
9	26
13	28
17	31
17	36
9	23
12	26
14	37
11	30
12	27
12	24
18	30
14	26
20	29
11	24
17	29
16	31
9	33
10	32
10	26
14	28
17	33
13	30
17	19
13	29
11	41
10	26
9	34
12	39
13	32
10	27
15	29
13	27
9	35
14	26
13	25
15	36
11	24
11	31
9	30
12	26
13	29
16	26
9	26
9	30
13	34
9	30
4	24
7	28
16	34
13	20
16	30
18	29
13	20
14	35
17	38
12	32
12	28
10	26
15	37
15	31
15	29
14	27
15	30
12	30
