4	23
13	31
5	29
8	26
9	26
9	31
6	22
4	26
7	22
8	25
5	35
6	29
5	30
3	28
3	28
6	28
10	18
5	27
6	35
12	26
6	25
6	31
7	26
7	23
5	26
13	32
6	23
8	24
6	28
7	29
10	26
7	21
7	23
12	38
7	25
9	27
5	26
5	27
5	22
7	26
7	30
6	34
9	23
8	23
6	32
11	22
9	35
10	29
4	24
9	30
9	34
8	22
9	26
11	20
10	26
7	34
11	24
5	27
8	23
6	34
6	33
14	22
6	18
13	31
10	34
7	25
7	27
7	21
4	23
9	19
12	28
10	28
11	23
4	27
4	28
8	28
8	29
11	24
10	27
2	24
5	32
8	33
9	26
7	28
8	19
6	30
5	25
6	25
7	30
12	21
5	38
13	18
12	30
7	36
5	20
9	32
6	27
10	35
9	26
7	30
