12	18
13	17
14	23
9	22
9	19
11	21
18	21
18	17
11	18
13	22
15	17
10	21
15	22
14	16
16	24
8	23
14	9
15	9
14	11
15	19
11	17
13	24
14	12
9	16
16	17
10	26
17	14
13	17
12	13
19	18
10	17
10	15
13	10
12	27
13	14
11	16
13	19
16	13
16	21
14	22
11	22
13	22
11	16
14	17
12	8
9	17
12	16
13	14
14	17
10	17
6	21
15	17
14	18
10	9
17	11
13	15
16	17
15	22
10	18
14	20
11	20
12	18
14	19
17	17
10	16
15	14
15	11
12	26
10	18
11	19
15	11
10	12
10	14
13	11
13	26
6	18
9	15
11	15
13	17
12	10
13	19
11	11
13	18
10	20
11	16
13	18
11	18
16	14
10	14
15	18
12	14
11	16
12	22
13	17
16	14
13	12
17	11
15	15
10	9
17	17
